50 20 1 Grid
00000000000000000000000000000000000000000001100011
00100000000000000000000000000000000000000001100011
10101000000000000000000000000000000011000000000000
10001000000000000000000000000000000011000000000011
11100000000000000000000000000000000000000000000011
01100000000000000000000000000000000000000000000000
00000000000000000000000000000000000000000000000000
00000000000000000000011000000000000000000000000000
00000000000000000000100100000000000000000000000000
00000001100000000000011000000000000000000000000000
00000001100000000000000000000000000000000000000000
00000000000000000000000000000000000000000000000000
11100000000000000000000000000000000000000000000000
10000000000000000000000000000000000000000000000000
01001000000000000000000000000000000000001000000000
00110000000000000000000000000000000000100001000000
00000001100000000110000000000000000001000001000000
00000001100110001001000000000000000000000001000000
00000000000110000110000000000000000000100010000000
00000000000000000000000000000000000000011100000000
