0,1
110
73
66
66
66
78
88
98
83
87
94
81
73
73
67
73
77
78
69
68
65
67
58
61
61
65
64
70
66
73
77
84
84
80
73
73
68
67
78
79
67
70
69
69
63
64
55
47
50
43
40
40
41
42
39
45
40
49
49
61
42
43
43
49
43
45
45
49
52
52
52
44
40
41
43
40
45
44
40
40
38
44
38
38
35
35
35
39
38
40
44
43
44
39
39
45
42
42
41
41
37
37
34
35
34
35
31
28
28
27
30
29
29
31
31
35
35
43
35
35
35
35
35
35
35
35
35
35
35
35
35
35
35
35
35
35
35
35
35
35
35
35
35
35
35
35
35
35
35
35
35
35
35
35
35
35
35
35
35
35
35
35
35
35
35
35
35
35
35
35
35
35
35
35
35
35
35
35
35
35
35
35
35
35
35
35
35
35
35
35
35
35
35
35
35
35
35
35
35
35
35
35
35
35
35
35
35
35
35
35
35
35
35
35
35
35
35
35
35
35
35
35
35
35
35
35
35
35
35
35
35
35
35
35
35
35
35
35
35
35
35
35
35
35
35
35
35
35
35
35
35
35
35
35
35
35
35
35
35
35
35
35
35
35
35
35
35
35
35
35
35
35
35
35
35
35
35
35
35
35
35
35
35
35
35
35
35
35
35
35
35
35
35
35
35
35
35
35
35
35
35
35
35
35
35
35
35
35
35
35
35
35
35
35
35
35
35
35
35
35
35
35
35
35
35
35
35
35
35
35
35
35
35
35
35
35
35
35
35
35
35
35
35
35
35
35
35
35
35
35
35
35
35
35
35
35
35
35
35
35
35
35
35
35
35
35
35
35
35
35
35
35
35
35
35
35
35
35
35
35
35
35
35
35
35
35
35
35
35
35
35
35
35
35
35
35
35
35
35
35
35
35
35
35
35
35
35
35
35
35
35
35
35
35
35
35
35
35
35
35
35
35
35
35
35
35
35
35
35
35
35
35
35
35
35
35
35
35
35
35
35
35
35
35
35
35
35
35
35
35
35
35
35
35
35
35
35
35
35
35
35
35
35
35
35
35
35
35
35
35
35
35
35
35
35
35
35
35
35
35
35
35
35
35
35
35
35
35
35
35
35
35
35
35
35
35
35
35
35
35
35
35
35
35
35
35
35
35
35
35
35
35
35
35
35
35
35
35
35
35
35
35
35
35
35
35
35
35
35
35
35
35
35
35
35
35
35
35
35
35
35
35
35
35
35
35
35
35
35
35
35
35
35
35
35
35
35
35
35
35
35
35
35
35
35
35
35
35
35
35
35
35
35
35
35
35
35
35
35
35
35
35
35
35
35
35
35
35
35
35
35
35
35
35
35
35
35
35
35
35
35
35
35
35
35
35
35
35
35
35
35
35
35
35
35
35
35
35
35
35
35
35
35
35
35
35
35
35
35
35
35
35
35
35
35
35
35
35
35
35
35
35
35
35
35
35
35
35
35
35
35
35
35
35
35
35
35
35
35
35
35
35
35
35
35
35
35
35
35
35
35
35
35
35
35
35
35
35
35
35
35
35
35
35
35
35
35
35
35
35
35
35
35
35
35
35
35
35
35
35
0,2
194
186
172
184
176
171
178
194
185
161
177
180
187
184
194
164
190
176
186
191
183
186
178
182
172
171
162
178
168
160
161
152
152
161
159
155
146
146
129
121
131
125
120
133
124
134
132
140
130
154
117
121
118
124
118
110
113
112
114
116
123
123
134
146
137
130
135
131
133
135
137
152
133
154
122
140
122
128
141
143
168
155
161
153
190
168
205
168
204
172
183
163
173
170
180
165
153
142
151
136
161
151
163
152
127
127
127
133
130
160
130
128
114
110
132
120
126
124
131
129
104
85
72
83
92
98
98
99
96
97
102
112
107
120
114
107
114
128
131
123
100
94
98
87
90
104
99
101
86
101
85
102
78
69
72
60
63
67
69
68
59
57
57
48
42
39
45
45
54
53
64
64
85
66
79
76
91
92
98
111
107
110
106
103
105
113
108
126
128
150
136
122
124
119
111
98
78
77
70
73
82
82
89
89
105
101
98
103
80
78
70
72
75
74
71
77
68
70
75
75
85
91
93
82
83
82
75
87
68
63
70
64
74
68
88
79
81
77
86
77
84
71
80
68
60
60
61
68
66
67
65
74
66
75
75
65
65
58
57
64
64
72
67
68
72
70
69
74
68
71
73
70
70
52
44
39
37
38
38
38
39
43
42
41
55
41
47
45
47
48
54
59
52
57
43
38
39
30
26
25
27
27
27
27
27
27
27
27
27
27
27
27
27
27
27
27
27
27
27
27
27
27
27
27
27
27
27
27
27
27
27
27
27
27
27
27
27
27
27
27
27
27
27
27
27
27
27
27
27
27
27
27
27
27
27
27
27
27
27
27
27
27
27
27
27
27
27
27
27
27
27
27
27
27
27
27
27
27
27
27
27
27
27
27
27
27
27
27
27
27
27
27
27
27
27
27
27
27
27
27
27
27
27
27
27
27
27
27
27
27
27
27
27
27
27
27
27
27
27
27
27
27
27
27
27
27
27
27
27
27
27
27
27
27
27
27
27
27
27
27
27
27
27
27
27
27
27
27
27
27
27
27
27
27
27
27
27
27
27
27
27
27
27
27
27
27
27
27
27
27
27
27
27
27
27
27
27
27
27
27
27
27
27
27
27
27
27
27
27
27
27
27
27
27
27
27
27
27
27
27
27
27
27
27
27
27
27
27
27
27
27
27
27
27
27
27
27
27
27
27
27
27
27
27
27
27
27
27
27
27
27
27
27
27
27
27
27
27
27
27
27
27
27
27
27
27
27
27
27
27
27
27
27
27
27
27
27
27
27
27
27
27
27
27
27
27
27
27
27
27
27
27
27
27
27
27
27
27
27
27
27
27
27
27
27
27
27
27
27
27
27
27
27
27
27
27
27
27
27
27
27
27
27
27
27
27
27
27
27
27
27
27
27
27
27
27
27
27
27
27
27
27
27
27
27
27
27
27
27
27
27
27
27
27
27
27
27
27
27
27
27
27
27
27
27
27
27
27
27
27
27
27
27
27
27
27
27
27
27
27
27
27
27
27
27
27
27
27
27
27
27
27
27
27
27
27
27
27
27
27
27
27
27
27
27
27
27
27
27
27
27
27
27
27
27
27
27
27
27
27
0,3
288
296
251
257
218
233
200
214
175
182
190
198
188
154
158
162
154
159
138
146
130
134
127
126
128
121
134
138
118
125
112
105
114
109
113
121
115
97
100
92
93
101
103
119
97
104
92
94
97
87
94
105
93
94
93
77
79
79
72
89
67
85
72
72
66
67
74
80
75
69
73
69
84
68
66
60
63
65
68
62
60
60
52
52
43
40
38
32
34
34
32
29
24
25
24
25
29
27
34
25
22
20
20
20
20
20
20
20
20
20
20
20
20
20
20
20
20
20
20
20
20
20
20
20
20
20
20
20
20
20
20
20
20
20
20
20
20
20
20
20
20
20
20
20
20
20
20
20
20
20
20
20
20
20
20
20
20
20
20
20
20
20
20
20
20
20
20
20
20
20
20
20
20
20
20
20
20
20
20
20
20
20
20
20
20
20
20
20
20
20
20
20
20
20
20
20
20
20
20
20
20
20
20
20
20
20
20
20
20
20
20
20
20
20
20
20
20
20
20
20
20
20
20
20
20
20
20
20
20
20
20
20
20
20
20
20
20
20
20
20
20
20
20
20
20
20
20
20
20
20
20
20
20
20
20
20
20
20
20
20
20
20
20
20
20
20
20
20
20
20
20
20
20
20
20
20
20
20
20
20
20
20
20
20
20
20
20
20
20
20
20
20
20
20
20
20
20
20
20
20
20
20
20
20
20
20
20
20
20
20
20
20
20
20
20
20
20
20
20
20
20
20
20
20
20
20
20
20
20
20
20
20
20
20
20
20
20
20
20
20
20
20
20
20
20
20
20
20
20
20
20
20
20
20
20
20
20
20
20
20
20
20
20
20
20
20
20
20
20
20
20
20
20
20
20
20
20
20
20
20
20
20
20
20
20
20
20
20
20
20
20
20
20
20
20
20
20
20
20
20
20
20
20
20
20
20
20
20
20
20
20
20
20
20
20
20
20
20
20
20
20
20
20
20
20
20
20
20
20
20
20
20
20
20
20
20
20
20
20
20
20
20
20
20
20
20
20
20
20
20
20
20
20
20
20
20
20
20
20
20
20
20
20
20
20
20
20
20
20
20
20
20
20
20
20
20
20
20
20
20
20
20
20
20
20
20
20
20
20
20
20
20
20
20
20
20
20
20
20
20
20
20
20
20
20
20
20
20
20
20
20
20
20
20
20
20
20
20
20
20
20
20
20
20
20
20
20
20
20
20
20
20
20
20
20
20
20
20
20
20
20
20
20
20
20
20
20
20
20
20
20
20
20
20
20
20
20
20
20
20
20
20
20
20
20
20
20
20
20
20
20
20
20
20
20
20
20
20
20
20
20
20
20
20
20
20
20
20
20
20
20
20
20
20
20
20
20
20
20
20
20
20
20
20
20
20
20
20
20
20
20
20
20
20
20
20
20
20
20
20
20
20
20
20
20
20
20
20
20
20
20
20
20
20
20
20
20
20
20
20
20
20
20
20
20
20
20
20
20
20
20
20
20
20
20
20
20
20
20
20
20
20
20
20
20
20
20
20
20
20
20
20
20
20
20
20
20
20
20
20
20
20
20
20
20
20
20
20
20
20
20
20
20
20
20
20
20
20
20
20
0,4
403
361
316
267
265
270
259
253
255
244
233
252
238
218
252
223
235
228
212
181
169
152
146
162
171
189
180
173
186
159
145
156
147
155
138
138
130
144
140
147
132
129
144
156
149
149
148
149
125
153
134
148
135
122
125
133
123
140
125
125
130
119
107
102
103
106
109
117
113
108
126
117
123
131
121
120
121
126
136
114
143
102
101
86
97
91
99
85
76
66
61
54
53
50
45
44
47
49
42
48
48
55
43
50
47
54
45
45
45
49
51
52
57
60
58
63
64
63
69
73
80
69
71
79
75
81
79
91
88
84
94
87
96
75
74
70
76
74
78
76
68
61
57
56
60
62
71
72
75
85
78
91
78
86
68
68
70
75
66
64
62
67
63
66
69
76
73
75
88
80
80
77
77
91
82
87
86
94
70
77
80
78
90
83
89
98
86
111
95
116
103
96
80
94
84
79
85
80
78
85
73
85
74
82
88
87
80
90
86
71
82
84
79
73
76
84
79
80
70
71
73
72
73
78
83
80
88
79
83
89
87
96
109
102
114
98
98
97
111
101
96
101
104
91
113
88
74
75
73
82
79
74
73
61
75
60
70
68
72
72
71
71
79
72
74
73
77
77
73
77
70
69
69
71
76
77
78
88
92
77
80
83
86
82
84
81
77
88
83
99
72
84
74
77
76
63
61
58
62
60
52
57
49
48
47
47
53
55
60
59
59
60
67
69
65
67
64
71
65
68
63
66
53
62
52
48
49
45
48
48
54
58
60
59
63
63
61
58
60
68
53
44
48
40
43
42
45
47
50
50
55
54
60
59
62
64
66
62
61
67
63
60
60
60
52
57
54
65
59
65
67
70
73
66
70
61
67
55
60
53
61
48
54
57
66
54
63
53
61
53
54
60
58
61
63
64
71
68
66
58
49
51
52
53
54
65
67
74
79
70
77
71
69
71
80
71
67
68
71
72
78
83
83
85
93
92
88
96
102
108
93
88
97
87
93
96
84
93
82
90
72
75
69
77
77
87
75
85
79
68
70
70
75
70
67
70
76
86
86
94
76
77
72
73
70
74
66
56
60
54
51
55
55
59
59
68
61
69
65
65
64
71
72
84
76
72
74
85
82
85
79
73
84
82
90
90
91
103
104
113
106
103
93
94
93
92
84
94
88
101
104
101
111
105
108
94
112
92
96
88
96
90
97
96
89
109
88
90
98
98
104
107
119
106
105
98
102
102
105
107
96
98
91
91
90
91
92
70
74
63
72
64
74
68
66
63
68
69
67
67
71
75
77
80
81
85
88
91
83
76
81
72
76
76
83
75
87
94
82
81
80
78
79
70
78
63
47
41
41
41
44
43
43
47
47
53
50
56
50
50
53
52
56
59
60
58
68
49
50
48
46
41
40
36
36
36
36
36
36
36
36
36
36
36
36
36
36
36
36
36
36
36
36
36
36
36
36
36
36
36
36
36
36
36
36
36
36
36
36
36
36
36
36
36
36
36
36
36
36
36
36
36
36
36
36
36
36
36
36
36
36
36
36
36
36
36
36
36
36
36
36
36
36
36
36
36
36
36
36
36
36
36
36
36
36
36
36
36
36
36
0,5
506
278
262
272
258
243
211
212
205
186
167
185
159
166
148
138
128
121
127
137
139
129
132
156
123
134
117
116
103
117
104
96
98
92
91
89
83
98
91
113
92
107
106
103
102
104
108
119
119
125
121
121
137
119
124
130
112
110
101
103
98
99
104
110
112
125
117
112
131
121
126
137
147
133
123
120
109
92
95
90
90
88
88
97
87
101
101
80
69
79
66
78
62
62
57
52
59
58
62
56
67
70
86
63
71
69
83
72
79
80
82
90
92
81
85
79
80
91
93
99
124
107
106
96
95
95
86
95
99
113
103
105
100
98
87
72
64
74
67
74
67
68
79
68
86
81
85
82
84
78
91
66
76
54
59
55
67
60
60
62
66
66
72
65
72
68
75
74
85
85
93
93
106
83
91
76
88
83
71
61
66
59
65
57
65
59
64
62
57
63
60
57
53
45
47
49
53
56
52
47
52
45
55
44
50
42
50
39
44
38
37
39
51
38
36
26
25
24
27
28
27
33
32
44
35
42
42
38
36
35
35
37
40
45
52
49
54
50
52
47
45
56
46
46
40
46
47
61
49
53
41
46
44
43
45
42
40
42
36
41
32
35
33
33
33
36
28
27
27
28
28
31
33
37
36
39
41
50
43
51
50
55
52
54
53
53
57
56
64
60
50
54
43
48
46
44
48
43
49
51
62
53
65
63
65
65
70
60
65
64
79
69
73
70
71
63
73
53
50
52
51
57
57
61
61
55
64
73
73
72
65
77
72
72
68
73
64
63
57
66
68
65
59
69
76
76
70
79
80
95
97
98
105
91
100
110
111
112
111
106
121
134
118
122
123
126
132
108
105
91
68
79
79
90
92
101
99
102
102
95
109
95
102
95
116
118
124
117
109
93
77
98
90
98
83
85
86
83
89
69
77
81
78
65
72
69
76
73
60
53
56
61
63
57
61
50
56
54
53
59
57
66
63
67
65
62
76
58
57
56
59
58
60
59
58
65
61
66
64
71
71
70
80
84
87
83
91
100
102
98
85
75
84
85
88
91
88
91
94
92
99
93
92
109
103
119
107
97
104
96
78
80
83
83
84
83
95
91
93
106
88
91
79
78
77
83
100
87
98
92
94
101
98
99
102
100
99
100
74
75
61
63
54
58
51
56
48
48
50
50
53
53
56
57
59
64
56
59
56
46
51
45
43
42
41
40
38
38
38
38
38
38
38
38
38
38
38
38
38
38
38
38
38
38
38
38
38
38
38
38
38
38
38
38
38
38
38
38
38
38
38
38
38
38
38
38
38
38
38
38
38
38
38
38
38
38
38
38
38
38
38
38
38
38
38
38
38
38
38
38
38
38
38
38
38
38
38
38
38
38
38
38
38
38
38
38
38
38
38
38
38
38
38
38
38
38
38
38
38
38
38
38
38
38
38
38
38
38
38
38
38
38
38
38
38
38
38
38
38
38
38
38
38
38
38
38
38
38
38
38
38
38
38
38
38
38
38
38
38
38
38
38
38
38
38
38
38
38
38
38
38
38
38
38
38
38
38
38
38
38
38
38
38
38
38
38
38
38
38
38
38
38
38
38
38
38
38
38
38
38
0,6
615
136
97
87
89
88
83
90
86
101
87
98
84
89
87
91
96
94
102
101
82
87
78
96
83
102
82
116
102
129
103
123
111
127
99
105
112
107
110
112
111
105
118
106
119
105
127
112
115
116
109
111
118
107
94
99
95
100
93
104
85
99
90
92
84
96
82
96
80
92
84
89
85
78
82
77
77
89
86
93
86
88
89
82
84
85
86
82
84
80
75
79
81
87
83
87
87
98
97
104
81
83
83
81
80
82
80
94
93
84
84
84
85
74
68
75
71
76
75
70
60
61
56
53
55
58
64
73
67
63
74
74
74
69
70
77
73
72
83
79
87
83
76
93
90
94
93
99
89
104
100
86
85
79
81
79
81
72
73
78
79
75
75
79
83
78
85
78
78
80
92
85
80
84
77
84
86
70
72
71
78
65
67
57
56
59
61
61
63
67
59
81
67
82
78
81
77
73
74
69
77
77
81
68
73
71
78
76
91
83
75
79
80
85
82
84
87
86
82
72
69
78
84
84
70
68
66
68
66
60
54
51
54
48
49
48
41
41
42
47
48
51
50
47
53
45
54
48
49
49
46
43
46
43
48
45
42
42
39
37
37
36
36
36
34
33
31
31
31
31
31
31
31
31
31
31
31
31
31
31
31
31
31
31
31
31
31
31
31
31
31
31
31
31
31
31
31
31
31
31
31
31
31
31
31
31
31
31
31
31
31
31
31
31
31
31
31
31
31
31
31
31
31
31
31
31
31
31
31
31
31
31
31
31
31
31
31
31
31
31
31
31
31
31
31
31
31
31
31
31
31
31
31
31
31
31
31
31
31
31
31
31
31
31
31
31
31
31
31
31
31
31
31
31
31
31
31
31
31
31
31
31
31
31
31
31
31
31
31
31
31
31
31
31
31
31
31
31
31
31
31
31
31
31
31
31
31
31
31
31
31
31
31
31
31
31
31
31
31
31
31
31
31
31
31
31
31
31
31
31
31
31
31
31
31
31
31
31
31
31
31
31
31
31
31
31
31
31
31
31
31
31
31
31
31
31
31
31
31
31
31
31
31
31
31
31
31
31
31
31
31
31
31
31
31
31
31
31
31
31
31
31
31
31
31
31
31
31
31
31
31
31
31
31
31
31
31
31
31
31
31
31
31
31
31
31
31
31
31
31
31
31
31
31
31
31
31
31
31
31
31
31
31
31
31
31
31
31
31
31
31
31
31
31
31
31
31
31
31
31
31
31
31
31
31
31
31
31
31
31
31
31
31
31
31
31
31
31
31
31
31
31
31
31
31
31
31
31
31
31
31
31
31
31
31
31
31
31
31
31
31
31
31
31
31
31
31
31
31
31
31
31
31
31
31
31
31
31
31
31
31
31
31
31
31
31
31
31
31
31
31
31
31
31
31
31
31
31
31
31
31
31
31
31
31
31
31
31
31
31
31
31
31
31
31
31
31
31
31
31
31
31
31
31
31
31
31
31
31
31
31
31
31
31
31
31
31
31
31
31
31
31
31
31
31
31
31
31
31
31
31
31
31
31
31
31
31
31
31
31
31
31
31
31
31
31
31
31
31
31
31
31
31
31
31
31
31
31
31
31
0,7
714
41
10
7
7
6
6
8
8
12
12
20
12
12
12
12
12
12
12
12
12
12
12
12
12
12
12
12
12
12
12
12
12
12
12
12
12
12
12
12
12
12
12
12
12
12
12
12
12
12
12
12
12
12
12
12
12
12
12
12
12
12
12
12
12
12
12
12
12
12
12
12
12
12
12
12
12
12
12
12
12
12
12
12
12
12
12
12
12
12
12
12
12
12
12
12
12
12
12
12
12
12
12
12
12
12
12
12
12
12
12
12
12
12
12
12
12
12
12
12
12
12
12
12
12
12
12
12
12
12
12
12
12
12
12
12
12
12
12
12
12
12
12
12
12
12
12
12
12
12
12
12
12
12
12
12
12
12
12
12
12
12
12
12
12
12
12
12
12
12
12
12
12
12
12
12
12
12
12
12
12
12
12
12
12
12
12
12
12
12
12
12
12
12
12
12
12
12
12
12
12
12
12
12
12
12
12
12
12
12
12
12
12
12
12
12
12
12
12
12
12
12
12
12
12
12
12
12
12
12
12
12
12
12
12
12
12
12
12
12
12
12
12
12
12
12
12
12
12
12
12
12
12
12
12
12
12
12
12
12
12
12
12
12
12
12
12
12
12
12
12
12
12
12
12
12
12
12
12
12
12
12
12
12
12
12
12
12
12
12
12
12
12
12
12
12
12
12
12
12
12
12
12
12
12
12
12
12
12
12
12
12
12
12
12
12
12
12
12
12
12
12
12
12
12
12
12
12
12
12
12
12
12
12
12
12
12
12
12
12
12
12
12
12
12
12
12
12
12
12
12
12
12
12
12
12
12
12
12
12
12
12
12
12
12
12
12
12
12
12
12
12
12
12
12
12
12
12
12
12
12
12
12
12
12
12
12
12
12
12
12
12
12
12
12
12
12
12
12
12
12
12
12
12
12
12
12
12
12
12
12
12
12
12
12
12
12
12
12
12
12
12
12
12
12
12
12
12
12
12
12
12
12
12
12
12
12
12
12
12
12
12
12
12
12
12
12
12
12
12
12
12
12
12
12
12
12
12
12
12
12
12
12
12
12
12
12
12
12
12
12
12
12
12
12
12
12
12
12
12
12
12
12
12
12
12
12
12
12
12
12
12
12
12
12
12
12
12
12
12
12
12
12
12
12
12
12
12
12
12
12
12
12
12
12
12
12
12
12
12
12
12
12
12
12
12
12
12
12
12
12
12
12
12
12
12
12
12
12
12
12
12
12
12
12
12
12
12
12
12
12
12
12
12
12
12
12
12
12
12
12
12
12
12
12
12
12
12
12
12
12
12
12
12
12
12
12
12
12
12
12
12
12
12
12
12
12
12
12
12
12
12
12
12
12
12
12
12
12
12
12
12
12
12
12
12
12
12
12
12
12
12
12
12
12
12
12
12
12
12
12
12
12
12
12
12
12
12
12
12
12
12
12
12
12
12
12
12
12
12
12
12
12
12
12
12
12
12
12
12
12
12
12
12
12
12
12
12
12
12
12
12
12
12
12
12
12
12
12
12
12
12
12
12
12
12
12
12
12
12
12
12
12
12
12
12
12
12
12
12
12
12
12
12
12
12
12
12
12
12
0,8
810
8
3
3
3
3
3
3
3
3
3
3
3
3
3
3
3
3
3
3
3
3
3
3
3
3
3
3
3
3
3
3
3
3
3
3
3
3
3
3
3
3
3
3
3
3
3
3
3
3
3
3
3
3
3
3
3
3
3
3
3
3
3
3
3
3
3
3
3
3
3
3
3
3
3
3
3
3
3
3
3
3
3
3
3
3
3
3
3
3
3
3
3
3
3
3
3
3
3
3
3
3
3
3
3
3
3
3
3
3
3
3
3
3
3
3
3
3
3
3
3
3
3
3
3
3
3
3
3
3
3
3
3
3
3
3
3
3
3
3
3
3
3
3
3
3
3
3
3
3
3
3
3
3
3
3
3
3
3
3
3
3
3
3
3
3
3
3
3
3
3
3
3
3
3
3
3
3
3
3
3
3
3
3
3
3
3
3
3
3
3
3
3
3
3
3
3
3
3
3
3
3
3
3
3
3
3
3
3
3
3
3
3
3
3
3
3
3
3
3
3
3
3
3
3
3
3
3
3
3
3
3
3
3
3
3
3
3
3
3
3
3
3
3
3
3
3
3
3
3
3
3
3
3
3
3
3
3
3
3
3
3
3
3
3
3
3
3
3
3
3
3
3
3
3
3
3
3
3
3
3
3
3
3
3
3
3
3
3
3
3
3
3
3
3
3
3
3
3
3
3
3
3
3
3
3
3
3
3
3
3
3
3
3
3
3
3
3
3
3
3
3
3
3
3
3
3
3
3
3
3
3
3
3
3
3
3
3
3
3
3
3
3
3
3
3
3
3
3
3
3
3
3
3
3
3
3
3
3
3
3
3
3
3
3
3
3
3
3
3
3
3
3
3
3
3
3
3
3
3
3
3
3
3
3
3
3
3
3
3
3
3
3
3
3
3
3
3
3
3
3
3
3
3
3
3
3
3
3
3
3
3
3
3
3
3
3
3
3
3
3
3
3
3
3
3
3
3
3
3
3
3
3
3
3
3
3
3
3
3
3
3
3
3
3
3
3
3
3
3
3
3
3
3
3
3
3
3
3
3
3
3
3
3
3
3
3
3
3
3
3
3
3
3
3
3
3
3
3
3
3
3
3
3
3
3
3
3
3
3
3
3
3
3
3
3
3
3
3
3
3
3
3
3
3
3
3
3
3
3
3
3
3
3
3
3
3
3
3
3
3
3
3
3
3
3
3
3
3
3
3
3
3
3
3
3
3
3
3
3
3
3
3
3
3
3
3
3
3
3
3
3
3
3
3
3
3
3
3
3
3
3
3
3
3
3
3
3
3
3
3
3
3
3
3
3
3
3
3
3
3
3
3
3
3
3
3
3
3
3
3
3
3
3
3
3
3
3
3
3
3
3
3
3
3
3
3
3
3
3
3
3
3
3
3
3
3
3
3
3
3
3
3
3
3
3
3
3
3
3
3
3
3
3
3
3
3
3
3
3
3
3
3
3
3
3
3
3
3
3
3
3
3
3
3
3
3
3
3
3
3
3
3
3
3
3
3
3
3
3
3
3
3
3
3
3
3
3
3
3
3
3
3
3
3
3
3
3
3
3
3
3
3
3
3
3
3
3
3
3
0,9
887
0
0
0
0
0
0
0
0
0
0
0
0
0
0
0
0
0
0
0
0
0
0
0
0
0
0
0
0
0
0
0
0
0
0
0
0
0
0
0
0
0
0
0
0
0
0
0
0
0
0
0
0
0
0
0
0
0
0
0
0
0
0
0
0
0
0
0
0
0
0
0
0
0
0
0
0
0
0
0
0
0
0
0
0
0
0
0
0
0
0
0
0
0
0
0
0
0
0
0
0
0
0
0
0
0
0
0
0
0
0
0
0
0
0
0
0
0
0
0
0
0
0
0
0
0
0
0
0
0
0
0
0
0
0
0
0
0
0
0
0
0
0
0
0
0
0
0
0
0
0
0
0
0
0
0
0
0
0
0
0
0
0
0
0
0
0
0
0
0
0
0
0
0
0
0
0
0
0
0
0
0
0
0
0
0
0
0
0
0
0
0
0
0
0
0
0
0
0
0
0
0
0
0
0
0
0
0
0
0
0
0
0
0
0
0
0
0
0
0
0
0
0
0
0
0
0
0
0
0
0
0
0
0
0
0
0
0
0
0
0
0
0
0
0
0
0
0
0
0
0
0
0
0
0
0
0
0
0
0
0
0
0
0
0
0
0
0
0
0
0
0
0
0
0
0
0
0
0
0
0
0
0
0
0
0
0
0
0
0
0
0
0
0
0
0
0
0
0
0
0
0
0
0
0
0
0
0
0
0
0
0
0
0
0
0
0
0
0
0
0
0
0
0
0
0
0
0
0
0
0
0
0
0
0
0
0
0
0
0
0
0
0
0
0
0
0
0
0
0
0
0
0
0
0
0
0
0
0
0
0
0
0
0
0
0
0
0
0
0
0
0
0
0
0
0
0
0
0
0
0
0
0
0
0
0
0
0
0
0
0
0
0
0
0
0
0
0
0
0
0
0
0
0
0
0
0
0
0
0
0
0
0
0
0
0
0
0
0
0
0
0
0
0
0
0
0
0
0
0
0
0
0
0
0
0
0
0
0
0
0
0
0
0
0
0
0
0
0
0
0
0
0
0
0
0
0
0
0
0
0
0
0
0
0
0
0
0
0
0
0
0
0
0
0
0
0
0
0
0
0
0
0
0
0
0
0
0
0
0
0
0
0
0
0
0
0
0
0
0
0
0
0
0
0
0
0
0
0
0
0
0
0
0
0
0
0
0
0
0
0
0
0
0
0
0
0
0
0
0
0
0
0
0
0
0
0
0
0
0
0
0
0
0
0
0
0
0
0
0
0
0
0
0
0
0
0
0
0
0
0
0
0
0
0
0
0
0
0
0
0
0
0
0
0
0
0
0
0
0
0
0
0
0
0
0
0
0
0
0
0
0
0
0
0
0
0
0
0
0
0
0
0
0
0
0
0
0
0
0
0
0
0
0
0
0
0
0
0
0
0
0
0
0
0
0
0
0
0
0
0
0
0
0
0
0
0
0
0
0
0
0
0
0
0
0
0
0
0
0
0
0
0
0
0
0
0
0
0
0
0
0
0
0
0
0
0
0
0
0
0
0
0
0
0
0
0
0
0
0
0
0
0
0
0
0
0
0
0
0
0
0
0
0
0
0
0
0
0
0
